trstepF lambdaF nF trstepR lambdaR nR maxI(T;Y) correspondingI(X;T) maxI(T;Y) correspondingI(X;T) maxI(T;Y) correspondingI(X;T) maxI(T;Y) correspondingI(X;T) maxI(T;Y) correspondingI(X;T) maxI(T;Y) correspondingI(X;T)
100 0.0 5 100 0.0 5 0.99916 12.00000 0.99916 11.99103 0.99653 11.74670 0.99524 10.00254 0.97871 4.46624 0.93500 1.33709 
100 0.0 5 100 0.0 5 0.99916 12.00000 0.99916 11.99591 0.99653 11.77458 0.98957 9.54548 0.98871 2.67625 0.97154 1.55989 
100 0.0 5 100 0.0 5 0.99916 12.00000 0.99916 11.99542 0.99818 11.90180 0.98581 11.35836 0.96252 6.25719 0.90002 2.20434 
100 0.0 5 100 0.0 5 0.99916 12.00000 0.99916 11.99805 0.99916 11.95806 0.99769 11.28986 0.99370 5.27489 0.94875 1.93893 
100 0.0 5 100 0.0 5 0.99916 11.99902 0.99916 11.99737 0.99537 11.21352 0.99867 7.43348 0.99467 2.49609 0.98415 1.19906 
100 0.0 5 100 0.0 5 0.99916 12.00000 0.99916 11.96490 0.97602 11.25547 0.94310 9.43496 0.93996 5.32478 0.90504 2.02803 
100 0.0 5 100 0.0 5 0.99916 12.00000 0.99916 11.99902 0.99867 11.96417 0.97480 11.16356 0.97939 7.86096 0.92821 2.40154 
100 0.0 5 100 0.0 5 0.99916 12.00000 0.99916 11.99902 0.99916 11.91099 0.97858 9.52001 0.97140 3.22068 0.94430 1.63942 
100 0.0 5 100 0.0 5 0.99916 11.99805 0.99916 11.99542 0.99180 11.31592 0.98927 8.94812 0.99304 3.47717 0.98243 1.85492 
100 0.0 5 100 0.0 5 0.99916 12.00000 0.99916 11.99249 0.98963 11.43530 0.97838 8.67421 0.96650 2.75597 0.93548 1.15669 
100 0.0 5 100 0.0 5 0.99916 12.00000 0.99916 11.99902 0.99653 11.74602 0.99038 8.62927 0.98450 3.12856 0.96577 1.45611
100 0.0 5 100 0.0 5 0.99916 12.00000 0.99916 11.99737 0.99330 11.73686 0.97932 10.90109 0.93082 6.29118 0.82513 2.04724 
100 0.0 5 100 0.0 5 0.99916 11.99609 0.99916 11.99902 0.99769 11.83549 0.98932 10.04043 0.98701 4.23569 0.96902 1.99961 
100 0.0 5 100 0.0 5 0.99916 11.99805 0.99916 11.99493 0.99317 11.03147 0.99478 7.46476 0.99026 2.19801 0.97627 1.38381 
100 0.0 5 100 0.0 5 0.99916 12.00000 0.99916 11.99707 0.99101 11.64375 0.96271 9.80130 0.96584 5.65406 0.94153 2.41826 
100 0.0 5 100 0.0 5 0.99916 12.00000 0.99916 11.99298 0.98450 10.99725 0.98930 7.96317 0.99217 2.54332 0.97435 1.25614 
100 0.0 5 100 0.0 5 0.99916 12.00000 0.99916 11.99103 0.99402 10.89253 0.99295 5.78466 0.97803 2.62213 0.96836 1.05963 
100 0.0 5 100 0.0 5 0.99916 11.99902 0.99916 11.98663 0.99916 11.53687 0.99916 7.59401 0.99704 2.32763 0.98650 1.30054 
100 0.0 5 100 0.0 5 0.99916 11.99902 0.99916 11.98761 0.99195 11.43854 0.98681 7.94376 0.98609 3.08063 0.97009 1.69828 
100 0.0 5 100 0.0 5 0.99916 11.99902 0.99916 11.99249 0.99818 11.88908 0.99544 10.41702 0.99334 3.52937 0.96453 1.86774 
100 0.0 5 100 0.001 5 0.99916 11.99902 0.99916 11.99902 0.99867 11.92321 0.99409 11.11643 0.97904 4.88538 0.96564 1.75925 
100 0.0 5 100 0.1 5 0.99916 12.00000 0.99916 11.99689 0.99769 11.50059 0.99820 9.72995 0.99577 3.37047 0.98327 1.45142 
100 0.0 5 100 10.0 5 0.99916 12.00000 0.99916 11.99689 0.99653 11.75926 0.98495 9.76011 0.98004 3.66836 0.95064 1.63012 
100 0.0 5 100 0.001 5 0.99916 12.00000 0.99916 11.99347 0.99916 11.77725 0.99916 7.96398 0.99662 3.29103 0.98801 1.14753 
100 0.0 5 100 0.1 5 0.99916 12.00000 0.99916 11.98370 0.99818 11.59506 0.99818 7.55558 0.99693 2.41685 0.99192 1.35447 
100 0.0 5 100 10.0 5 0.99916 12.00000 0.99916 11.99902 0.99916 11.94048 0.98011 10.83915 0.95945 5.21817 0.89615 1.76858 
100 0.0 5 100 0.001 5 0.99916 11.99902 0.99916 11.97345 0.99818 11.47586 0.99508 7.79537 0.98325 2.82263 0.96794 1.48586 
100 0.0 5 100 0.1 5 0.99916 12.00000 0.99916 11.99902 0.99458 11.83588 0.95558 9.47806 0.96203 4.12859 0.93415 1.76454 
100 0.0 5 100 10.0 5 0.99916 12.00000 0.99916 11.99902 0.99916 11.89220 0.99363 10.20039 0.98243 4.73853 0.93629 2.16213 
100 0.0 5 100 0.001 5 0.99916 12.00000 0.99916 11.99542 0.99867 11.76372 0.99592 7.18970 0.97758 2.28164 0.96048 1.49129 
100 0.0 5 100 0.1 5 0.99916 12.00000 0.99916 11.99347 0.99360 11.86179 0.94832 10.18770 0.90158 5.46455 0.84810 2.43504 
100 0.0 5 100 10.0 5 0.99916 11.99902 0.99916 11.99347 0.99916 11.78874 0.99916 9.11173 0.99751 2.67261 0.99110 1.21721 
100 0.0 5 100 0.001 5 0.99916 12.00000 0.99916 11.98566 0.98598 11.28502 0.98820 9.72116 0.99128 3.72007 0.97114 1.83000 
100 0.0 5 100 0.1 5 0.99916 11.99396 0.99916 11.96857 0.99916 11.80032 0.99867 10.97927 0.99248 3.91305 0.96918 1.62110 
100 0.0 5 100 10.0 5 0.99916 12.00000 0.99916 11.99884 0.99916 11.84586 0.99818 10.45564 0.97789 4.77608 0.95495 1.67706 
100 0.0 5 100 0.001 5 0.99916 12.00000 0.99916 11.99347 0.99653 11.84137 0.99338 10.16742 0.98351 4.07192 0.94107 2.07848 
100 0.0 5 100 0.1 5 0.99916 11.99902 0.99916 11.98956 0.99574 11.74407 0.99210 9.58743 0.97941 2.67781 0.96630 2.03636 
100 0.0 5 100 10.0 5 0.99916 12.00000 0.99916 11.99902 0.98408 11.53544 0.97530 9.73096 0.97922 4.76627 0.93988 2.22298 
100 0.0 5 100 0.001 5 0.99916 12.00000 0.99916 11.97833 0.99574 11.41991 0.99555 8.78922 0.99092 2.93798 0.97804 1.45104 
100 0.0 5 100 0.1 5 0.99916 11.99902 0.99916 11.98761 0.99256 11.58796 0.99788 10.49058 0.99053 4.15029 0.97016 1.78002 
100 0.0 5 100 10.0 5 0.99916 12.00000 0.99916 11.99786 0.99476 11.92749 0.99284 10.60756 0.97947 5.13331 0.95162 1.71324 
100 0.0 5 100 0.001 5 0.99916 12.00000 0.99916 11.99902 0.99574 11.83035 0.98610 8.38776 0.98653 3.24211 0.97476 1.68960 
100 0.0 5 100 0.1 5 0.99916 11.99805 0.99916 11.99902 0.99867 11.88157 0.99302 9.21157 0.99060 2.82072 0.97823 1.54989 
100 0.0 5 100 10.0 5 0.99916 12.00000 0.99916 11.99591 0.99818 11.87678 0.99867 9.07014 0.99590 2.93702 0.98877 1.45110 
100 0.0 5 100 0.001 5 0.99916 12.00000 0.99916 11.99493 0.99769 11.77853 0.99388 8.52512 0.98843 3.21293 0.95284 1.34216 
100 0.0 5 100 0.1 5 0.99916 11.97931 0.99916 11.99591 0.99635 11.58135 0.98946 10.24443 0.97613 3.86982 0.96545 1.89942 
100 0.0 5 100 10.0 5 0.99916 12.00000 0.99916 11.99591 0.99818 11.84331 0.99061 11.27360 0.98406 5.83378 0.92579 2.34358 
100 0.0 5 100 0.001 5 0.99916 12.00000 0.99916 11.99444 0.98989 11.29938 0.98485 7.59408 0.97477 2.71575 0.95453 1.26604 
100 0.0 5 100 0.1 5 0.99916 11.99902 0.99916 11.99151 0.99769 10.44463 0.99828 7.70299 0.99086 2.80468 0.98688 1.10064 
100 0.0 5 100 10.0 5 0.99916 12.00000 0.99916 11.97314 0.99379 11.74153 0.99274 7.82870 0.98557 3.87564 0.96392 1.16916 
100 0.0 5 100 0.001 5 0.99916 11.99902 0.99916 11.99591 0.99555 11.81634 0.97986 10.03065 0.98774 4.12222 0.96096 1.91093 
100 0.0 5 100 0.1 5 0.99916 12.00000 0.99916 11.99902 0.99818 11.91882 0.99183 11.40189 0.98993 7.06981 0.93082 2.52912 
100 0.0 5 100 10.0 5 0.99916 12.00000 0.99916 11.99249 0.99391 11.61760 0.99254 9.03335 0.98633 3.45684 0.96416 1.26090 
100 0.0 5 100 0.001 5 0.99916 11.99902 0.99916 11.99103 0.99867 11.75028 0.99769 7.66869 0.99513 3.40082 0.97534 1.40423 
100 0.0 5 100 0.1 5 0.99916 12.00000 0.99916 11.99444 0.99525 11.91918 0.97225 10.87737 0.95926 6.37144 0.88626 2.13858 
100 0.0 5 100 10.0 5 0.99916 12.00000 0.99916 11.99854 0.97129 10.70062 0.95930 7.78541 0.95963 3.53390 0.94564 1.72192 
100 0.0 5 100 0.001 5 0.99916 11.99902 0.99916 11.94157 0.99077 10.27973 0.99073 5.77973 0.99082 2.29745 0.98054 1.38532 
100 0.0 5 100 0.1 5 0.99916 12.00000 0.99916 11.99493 0.99702 11.79713 0.97917 9.88714 0.96783 4.30677 0.94195 2.12139 
100 0.0 5 100 10.0 5 0.99916 12.00000 0.99916 11.98224 0.99094 11.48235 0.99800 9.44548 0.99449 3.96924 0.97416 1.62594 
100 0.0 5 100 0.001 5 0.99916 12.00000 0.99916 11.99298 0.99818 11.82589 0.99583 8.42917 0.99147 2.73352 0.98421 1.43281 
100 0.0 5 100 0.1 5 0.99916 12.00000 0.99916 11.99493 0.99732 11.56760 0.99053 7.36057 0.98575 3.02502 0.97140 1.04484 
100 0.0 5 100 10.0 5 0.99916 11.99902 0.99916 11.99347 0.99354 11.34903 0.98168 8.86227 0.97607 3.28308 0.96587 1.83916 
100 0.0 5 100 0.001 5 0.99916 12.00000 0.99916 11.99902 0.99916 11.97607 0.99165 11.30320 0.98633 5.17161 0.92427 2.04213 
100 0.0 5 100 0.1 5 0.99916 12.00000 0.99916 11.99444 0.98475 11.42684 0.97380 9.24787 0.96501 5.81514 0.91370 2.15356 
100 0.0 5 100 10.0 5 0.99916 12.00000 0.99916 11.99737 0.96785 10.79106 0.96336 8.92080 0.95995 3.79017 0.94291 2.16129 
100 0.0 5 100 0.001 5 0.99916 12.00000 0.99916 11.99591 0.99769 11.82354 0.99818 10.51536 0.97405 3.39551 0.95195 1.57052 
100 0.0 5 100 0.1 5 0.99916 11.99902 0.99916 11.99737 0.99769 11.76241 0.99623 9.46042 0.98493 2.68962 0.97392 1.47526 
100 0.0 5 100 10.0 5 0.99916 11.99072 0.99916 11.99689 0.99054 10.59344 0.99867 8.52646 0.98842 2.98069 0.97913 1.06113 
100 0.0 5 100 0.001 5 0.99916 12.00000 0.99916 11.99902 0.99672 11.89476 0.98568 10.58029 0.98887 4.16557 0.95993 1.85864 
100 0.0 5 100 0.1 5 0.99916 12.00000 0.99916 11.99103 0.99614 11.24860 0.99836 8.58029 0.99798 3.00934 0.98815 1.61612 
100 0.0 5 100 10.0 5 0.99916 12.00000 0.99916 11.99444 0.99623 11.79103 0.98719 10.36241 0.96724 3.93341 0.93988 1.92149 
100 0.0 5 100 0.001 5 0.99916 12.00000 0.99916 11.99658 0.99122 11.51353 0.98316 10.05757 0.96274 3.71172 0.93660 1.74509 
100 0.0 5 100 0.1 5 0.99916 11.99512 0.99916 11.98370 0.99391 11.89359 0.99178 9.22626 0.98792 2.94163 0.97168 1.70934 
100 0.0 5 100 10.0 5 0.99916 12.00000 0.99916 11.99805 0.99916 11.92949 0.99525 10.73537 0.98865 4.81856 0.95205 1.86544 
100 0.0 5 100 0.001 5 0.99916 11.99902 0.99916 11.97150 0.99916 11.70614 0.99506 7.39261 0.99129 2.97767 0.98194 1.40707 
100 0.0 5 100 0.1 5 0.99916 12.00000 0.99916 11.99902 0.95836 10.94221 0.95744 8.93970 0.96540 4.53997 0.94108 2.16554 
100 0.0 5 100 10.0 5 0.99916 12.00000 0.99916 11.99902 0.99672 11.80885 0.99720 10.94617 0.97857 3.66583 0.95067 1.72788 
100 0.0 5 100 0.001 5 0.99916 12.00000 0.99916 11.99786 0.99916 11.86625 0.99867 10.01575 0.99048 4.03361 0.97979 1.77412 
100 0.0 5 100 0.1 5 0.99916 12.00000 0.99916 11.99737 0.99751 11.88065 0.99263 10.66477 0.98596 4.10212 0.95332 1.89788 
100 0.0 5 100 10.0 5 0.99916 12.00000 0.99916 11.99591 0.99702 11.81192 0.99384 9.64819 0.98025 3.48753 0.92488 1.29841 
