trstepF lambdaF nF trstepR lambdaR nR maxI(T;Y) correspondingI(X;T) maxI(T;Y) correspondingI(X;T) maxI(T;Y) correspondingI(X;T) maxI(T;Y) correspondingI(X;T) maxI(T;Y) correspondingI(X;T) maxI(T;Y) correspondingI(X;T)
100 0.0 5 100 0.0 5 0.99436 11.91717 0.93133 10.82240 0.95550 9.66592 0.94474 5.33273 0.88658 2.97714 0.87942 2.18291 
100 0.0 5 100 0.0 5 0.99867 11.99377 0.98298 11.93414 0.84732 8.72182 0.85940 5.22722 0.86643 3.52897 0.85557 2.26762 
100 0.0 5 100 0.0 5 0.99916 11.99151 0.99916 11.87292 0.90867 7.20369 0.91437 5.33021 0.89055 2.24712 0.87544 2.18206 
100 0.0 5 100 0.0 5 0.99916 11.99103 0.94949 11.73087 0.72443 6.80959 0.79801 5.98317 0.69966 3.40225 0.80097 2.79333 
100 0.0 5 100 0.0 5 0.99916 11.98987 0.88939 8.98406 0.82300 6.64858 0.79017 3.01177 0.75692 1.97950 0.76676 2.24388 
100 0.0 5 100 0.001 5 0.99916 11.95863 0.95457 9.89033 0.88714 8.50876 0.85412 2.64086 0.82447 2.38905 0.88423 2.28049 
100 0.0 5 100 0.001 5 0.99720 11.99170 0.95614 10.52304 0.89267 8.01523 0.86910 5.05945 0.88401 3.84114 0.86440 2.30302 
100 0.0 5 100 0.001 5 0.99916 11.99591 0.81069 11.21225 0.93346 7.07319 0.93341 4.46434 0.95759 2.06135 0.95930 2.32079 
100 0.0 5 100 0.001 5 0.99720 11.99414 0.98795 11.69258 0.90871 9.09108 0.92241 5.18217 0.89151 1.80031 0.89188 2.03339 
100 0.0 5 100 0.001 5 0.99916 11.90877 0.82356 8.59003 0.81331 11.17006 0.86700 5.50972 0.76627 1.47064 0.81435 2.25622 
100 0.0 5 100 0.0001 5 0.99195 11.95251 0.75703 7.20354 0.85098 7.83207 0.87400 5.73889 0.63118 1.51984 0.82834 2.49593 
100 0.0 5 100 0.0001 5 0.99818 11.98742 0.94719 10.31803 0.93955 8.48755 0.84864 5.11140 0.79679 2.79577 0.85130 2.43913 
100 0.0 5 100 0.0001 5 0.99916 11.99707 0.95729 11.14975 0.88196 9.94114 0.96340 8.36380 0.92388 5.08932 0.87418 2.15161 
100 0.0 5 100 0.0001 5 0.99437 11.98301 0.98480 11.29630 0.92602 8.93632 0.60972 4.70151 0.68348 2.75231 0.83980 2.77859 
100 0.0 5 100 1e-05 5 0.99623 11.89578 0.99916 11.93272 0.83832 6.14642 0.86975 4.29788 0.84935 3.14108 0.84730 2.38522 
100 0.0 5 100 1e-05 5 0.99916 11.99005 0.99574 11.82244 0.88810 9.30052 0.84883 5.87573 0.82137 3.58109 0.83096 2.76820 
100 0.0 5 100 1e-05 5 0.99720 11.77705 0.99379 11.09192 0.87479 6.35068 0.77339 2.30407 0.76540 1.62319 0.76891 1.89772 
100 0.0 5 100 1e-05 5 0.99867 11.96844 0.98584 11.35168 0.88515 6.47176 0.90342 4.86755 0.88279 3.35223 0.85769 2.15586 
100 0.0 5 100 1e-05 5 0.99916 11.99805 0.99525 11.82762 0.95088 8.22805 0.88719 3.24521 0.92022 1.70094 0.91985 1.90781 
100 0.0 5 100 0.0 5 0.99916 11.99640 0.95530 11.61208 0.90062 6.29253 0.72206 3.97292 0.46987 1.32963 0.83737 2.49390 
100 0.0 5 100 0.0 5 0.99916 11.99298 0.97794 11.75083 0.93470 9.83468 0.85586 6.79517 0.80251 2.20790 0.80277 2.42789 
100 0.0 5 100 0.0 5 0.99177 11.56236 0.97778 10.37256 0.87868 7.57599 0.76993 2.61203 0.74141 1.65821 0.75983 2.09273 
100 0.0 5 100 0.0 5 0.99818 11.99707 0.98311 11.24813 0.94646 9.21785 0.78740 4.00258 0.78816 2.75670 0.79809 2.70085 
100 0.0 5 100 0.0 5 0.99916 11.99756 0.98083 11.69581 0.85084 8.47429 0.86782 5.74044 0.84160 2.78214 0.83677 2.32406 
100 0.0 5 100 0.001 5 0.99916 11.98956 0.96561 10.27762 0.84020 6.56934 0.83909 3.52200 0.67071 1.84770 0.82354 2.81669 
100 0.0 5 100 0.001 5 0.99916 11.96393 0.89366 11.45336 0.87872 10.00381 0.88181 5.71196 0.81774 3.24561 0.85830 2.59718 
100 0.0 5 100 0.001 5 0.99574 11.98614 0.99244 11.60607 0.93821 6.85258 0.92493 3.44733 0.87692 1.27295 0.88850 1.73226 
100 0.0 5 100 0.001 5 0.99653 11.88283 0.85205 8.84301 0.91677 7.25263 0.85807 4.69520 0.86471 3.28329 0.87869 2.72287 
100 0.0 5 100 0.0001 5 0.99916 11.99902 0.85406 9.86779 0.69099 3.94929 0.65810 4.35042 0.63008 3.82780 0.78966 2.90746 
100 0.0 5 100 0.0001 5 0.99916 11.94002 0.97413 11.78128 0.69584 9.61102 0.68739 4.36234 0.81871 3.88106 0.86700 2.89770 
100 0.0 5 100 0.0001 5 0.99828 11.92914 0.94389 11.49434 0.86139 11.00007 0.92636 6.30671 0.84265 3.58436 0.89014 2.34175 
100 0.0 5 100 0.0001 5 0.99867 11.99347 0.97002 10.45331 0.92911 6.68322 0.86841 2.40619 0.85060 1.52618 0.86470 1.83601 
100 0.0 5 100 0.0001 5 0.99916 11.99396 0.99592 11.28134 0.95584 8.90106 0.94377 5.92605 0.88735 1.68269 0.88642 2.02577 
100 0.0 5 100 1e-05 5 0.99867 11.98547 0.99769 11.84508 0.92278 8.47388 0.78854 4.30139 0.77100 3.14368 0.77225 2.83639 
100 0.0 5 100 1e-05 5 0.99916 11.98956 0.98933 11.51522 0.89415 7.66890 0.85566 4.96530 0.79461 2.53497 0.79827 2.64940 
100 0.0 5 100 1e-05 5 0.99916 11.99591 0.89754 11.54623 0.86179 7.18742 0.85488 3.95157 0.83026 2.31849 0.81871 2.04894 
100 0.0 5 100 1e-05 5 0.99672 11.96783 0.99672 11.61695 0.93428 4.56734 0.92763 2.88334 0.87285 1.56889 0.92075 2.12428 
100 0.0 5 100 1e-05 5 0.99916 11.98938 0.91436 10.79768 0.97922 10.86977 0.87126 4.52106 0.86096 2.07923 0.91851 2.43697 
100 0.0 5 100 0.0 5 0.99751 11.97983 0.99916 11.94409 0.85742 8.63295 0.79863 4.03160 0.76812 1.30906 0.86112 2.19079 
100 0.0 5 100 0.0 5 0.99916 11.89776 0.99867 11.76981 0.92092 7.67001 0.82687 4.02431 0.66406 1.55516 0.82670 2.57882 
100 0.0 5 100 0.0 5 0.99916 11.99805 0.98853 11.77732 0.93125 6.91793 0.86068 3.41219 0.81596 3.17421 0.87469 2.06028 
100 0.0 5 100 0.0 5 0.98276 11.71377 0.98753 11.64532 0.96111 9.62049 0.94489 6.19430 0.87348 3.08468 0.85969 2.57184 
100 0.0 5 100 0.0 5 0.99379 11.96195 0.96747 11.30396 0.93253 7.99307 0.90961 4.91033 0.86476 1.79976 0.86433 1.90440 
100 0.0 5 100 0.001 5 0.99916 11.95604 0.95714 10.66368 0.83175 7.25128 0.85362 6.49202 0.78157 3.61835 0.77684 2.99955 
100 0.0 5 100 0.001 5 0.99916 11.87962 0.99079 10.95721 0.88799 6.55867 0.83590 3.21339 0.71463 2.02988 0.80194 2.56002 
100 0.0 5 100 0.001 5 0.99916 11.99591 0.85247 11.06261 0.80741 9.78689 0.86002 7.95482 0.82221 3.88392 0.82827 2.57297 
100 0.0 5 100 0.001 5 0.99916 11.99756 0.99146 11.80762 0.97669 10.27392 0.87585 6.44468 0.87875 3.47191 0.88755 2.16702 
100 0.0 5 100 0.001 5 0.99916 11.99902 0.98127 11.59631 0.96198 10.75967 0.90802 6.02168 0.82059 3.13006 0.86048 2.42515 
100 0.0 5 100 0.0001 5 0.99916 11.84191 0.99555 11.75573 0.96293 9.99697 0.85294 4.79231 0.80585 2.50442 0.79220 2.39239 
100 0.0 5 100 0.0001 5 0.99916 11.97887 0.94433 11.34271 0.93732 9.58946 0.88869 5.19614 0.84017 2.13639 0.84726 2.43399 
100 0.0 5 100 0.0001 5 0.99916 11.96696 0.99555 11.61811 0.69577 6.03421 0.77606 4.58127 0.88545 2.96750 0.89899 2.52721 
100 0.0 5 100 0.0001 5 0.99818 11.99268 0.92235 11.61695 0.66567 9.66784 0.67401 5.65634 0.67839 4.66018 0.81672 2.62282 
100 0.0 5 100 0.0001 5 0.99552 11.95364 0.97961 11.27112 0.90296 8.69522 0.89369 6.10221 0.84428 3.11126 0.84504 2.67559 
100 0.0 5 100 1e-05 5 0.99702 11.99054 0.93321 11.34747 0.62372 6.78903 0.68076 3.56616 0.64953 1.72334 0.78767 2.89884 
100 0.0 5 100 1e-05 5 0.99916 11.97177 0.99311 11.90653 0.97024 10.86268 0.76167 4.17757 0.63092 3.41131 0.78232 2.59111 
100 0.0 5 100 1e-05 5 0.99916 11.99805 0.96221 9.83032 0.89390 7.87831 0.76564 3.67375 0.73725 2.29923 0.72728 2.40231 
100 0.0 5 100 1e-05 5 0.98508 11.87028 0.99916 11.89315 0.90269 7.69113 0.85782 3.85013 0.77558 1.81294 0.78622 2.18701 
100 0.0 5 100 1e-05 5 0.99916 11.94873 0.96970 11.50652 0.94985 9.86734 0.89420 4.92105 0.82549 2.24992 0.83078 2.15043 
100 0.0 5 100 0.0 5 0.99916 11.94744 0.89644 11.23804 0.89380 9.80775 0.84913 5.58425 0.74894 2.09352 0.77909 2.50614 
100 0.0 5 100 0.0 5 0.99916 11.99902 0.94785 11.31116 0.88985 7.31984 0.85738 4.29948 0.78975 2.57539 0.91464 2.37641 
100 0.0 5 100 0.0 5 0.99391 11.86116 0.74422 9.75181 0.70562 6.58314 0.64057 5.80996 0.83315 3.64992 0.86035 2.63244 
100 0.0 5 100 0.0 5 0.99672 11.99170 0.91988 10.05151 0.93911 7.78837 0.76249 3.10622 0.76897 1.43846 0.79370 2.18475 
100 0.0 5 100 0.0 5 0.99702 11.94657 0.99555 11.77600 0.87336 7.85076 0.90904 7.43500 0.82876 1.43232 0.84694 2.14264 
100 0.0 5 100 0.001 5 0.99916 11.97739 0.75813 11.27616 0.79866 7.66216 0.84502 7.81670 0.80871 4.56394 0.80496 2.52955 
100 0.0 5 100 0.001 5 0.99916 11.99737 0.99330 11.23721 0.87699 3.58620 0.93086 5.40939 0.94597 2.37678 0.94564 2.07821 
100 0.0 5 100 0.001 5 0.99409 11.92002 0.97307 11.77596 0.90192 9.27288 0.94865 8.89364 0.82225 3.44014 0.85071 2.44336 
100 0.0 5 100 0.001 5 0.99916 11.99054 0.94574 9.99843 0.86365 7.85030 0.77557 4.48562 0.73521 1.95484 0.74741 2.16709 
100 0.0 5 100 0.001 5 0.99751 11.96322 0.88128 10.85485 0.80842 7.75676 0.86803 6.31601 0.84809 1.89776 0.84482 1.73228 
100 0.0 5 100 0.0001 5 0.99916 11.99835 0.97336 11.88767 0.83521 11.21350 0.62064 9.55293 0.61383 3.24107 0.87392 2.76528 
100 0.0 5 100 0.0001 5 0.99916 11.95303 0.99916 11.94265 0.93491 8.44336 0.92323 7.11791 0.86256 1.78032 0.85964 2.05815 
100 0.0 5 100 0.0001 5 0.99916 11.95371 0.98961 11.50546 0.92086 6.50903 0.86504 3.35817 0.90870 2.45587 0.91424 2.03332 
100 0.0 5 100 0.0001 5 0.99818 11.92871 0.95082 9.17248 0.78682 4.35210 0.72371 1.87663 0.72582 1.86949 0.73585 2.22403 
100 0.0 5 100 0.0001 5 0.99800 11.98071 0.94517 11.01433 0.92424 8.93792 0.95620 6.16820 0.87367 2.50244 0.87186 2.11571 
100 0.0 5 100 1e-05 5 0.99867 11.94101 0.95752 11.42914 0.52943 6.02434 0.46008 5.10425 0.58062 1.47471 0.92844 2.30637 
100 0.0 5 100 1e-05 5 0.99916 11.97234 0.92786 8.77752 0.90768 7.44249 0.81844 2.34608 0.74280 1.39952 0.79140 2.20809 
100 0.0 5 100 1e-05 5 0.98849 11.75935 0.97840 11.26096 0.90992 9.04882 0.83247 4.41356 0.78855 2.58119 0.80700 2.81840 
100 0.0 5 100 1e-05 5 0.99916 11.94618 0.74978 6.98021 0.83551 6.43789 0.73006 6.51916 0.74624 2.27103 0.78986 2.62617 
100 0.0 5 100 1e-05 5 0.99916 11.97259 0.99867 11.91051 0.76445 6.75546 0.65862 3.13337 0.85925 2.80229 0.86912 2.52466 
100 0.0 5 100 1e-06 5 0.99720 11.93598 0.98231 10.66958 0.88054 4.89751 0.86484 3.55581 0.75662 1.44984 0.82589 2.10230 
100 0.0 5 100 1e-06 5 0.99916 11.98938 0.99537 11.21567 0.93076 9.77079 0.85524 5.29728 0.82380 2.92979 0.85700 2.42154 
100 0.0 5 100 1e-06 5 0.99867 11.99542 0.98737 11.58914 0.96699 10.59723 0.91460 5.93807 0.89372 2.42435 0.87176 2.34169 
100 0.0 5 100 1e-06 5 0.99916 11.98517 0.95517 11.71204 0.70499 9.06913 0.84352 5.50983 0.91092 3.52670 0.88399 2.11957 
100 0.0 5 100 1e-06 5 0.99818 11.97253 0.99702 11.74974 0.91871 6.44078 0.86567 2.17116 0.87796 2.41888 0.87439 2.48763 
100 0.0 5 100 1e-06 5 0.99916 11.98810 0.99204 11.92247 0.92702 10.07386 0.89223 3.60766 0.85783 1.57895 0.90059 2.34310 
100 0.0 5 100 1e-06 5 0.99867 11.99219 0.99360 11.71301 0.96070 9.03740 0.86302 2.32069 0.86641 2.02017 0.85870 2.22703 
100 0.0 5 100 1e-06 5 0.99720 11.94096 0.97584 11.78732 0.83293 7.41648 0.87595 2.18252 0.74763 1.36723 0.86952 2.16925 
100 0.0 5 100 1e-06 5 0.99916 11.91549 0.98741 11.16887 0.88617 8.07674 0.81399 4.23630 0.76510 2.09604 0.76046 2.41075 
100 0.0 5 100 1e-07 5 0.99916 11.99200 0.99375 11.62578 0.84551 8.97142 0.88119 5.31020 0.91021 4.10374 0.90538 2.18058 
100 0.0 5 100 1e-07 5 0.98768 11.89252 0.83201 8.01866 0.70301 5.27350 0.65514 3.25255 0.59008 1.49554 0.75219 2.76281 
100 0.0 5 100 1e-07 5 0.98665 11.86621 0.95158 10.72346 0.84967 6.98335 0.86660 6.31963 0.80048 3.07546 0.81781 2.52923 
100 0.0 5 100 1e-07 5 0.99916 11.99902 0.96628 11.74484 0.86645 10.89931 0.66578 8.73213 0.76908 2.69840 0.89564 2.69515 
100 0.0 5 100 1e-07 5 0.99867 11.99103 0.99476 11.26758 0.64671 7.12081 0.90566 3.86108 0.82231 1.66226 0.86810 2.06810 
100 0.0 5 100 1e-07 5 0.99507 11.91395 0.78308 8.93923 0.71418 10.10017 0.69391 2.02659 0.58653 1.49978 0.90891 2.67368 
100 0.0 5 100 1e-07 5 0.99592 11.93151 0.81627 10.69340 0.69838 9.43862 0.62748 7.67806 0.60160 5.79266 0.83323 2.48345 
100 0.0 5 100 1e-07 5 0.99916 11.98227 0.92619 10.78238 0.86930 10.97456 0.60974 3.43887 0.51113 6.40064 0.77435 2.82347 
100 0.0 5 100 1e-07 5 0.99867 11.95618 0.99818 11.46237 0.96691 9.23102 0.77822 4.54540 0.76270 2.97273 0.80696 2.43468 
100 0.0 5 100 1e-07 5 0.99720 11.94985 0.99623 11.22420 0.95351 7.37103 0.87562 5.00652 0.84320 1.97517 0.84282 1.96140 
100 0.0 5 100 0.1 5 0.99916 11.98126 0.99720 11.92241 0.92327 7.63700 0.78156 3.21339 0.80392 3.36788 0.88222 2.60324 
100 0.0 5 100 0.1 5 0.99800 11.97766 0.92317 9.22883 0.92782 8.20177 0.83810 2.91760 0.78867 1.47466 0.80022 1.78865 
100 0.0 5 100 0.1 5 0.99916 11.99200 0.93318 10.16535 0.95659 9.97907 0.79966 4.65243 0.76177 2.78068 0.78950 2.85196 
100 0.0 5 100 0.1 5 0.99916 11.99902 0.99379 11.80797 0.85470 7.42313 0.81224 7.06603 0.71954 3.43473 0.79918 2.49802 
100 0.0 5 100 0.1 5 0.99818 11.99219 0.95217 11.79006 0.71661 6.51751 0.79933 5.30979 0.73177 3.97278 0.82381 2.60818 
100 0.0 5 100 0.1 5 0.98680 11.92402 0.95113 11.33719 0.80011 5.37177 0.79850 3.58320 0.85633 2.54070 0.91530 2.38493 
100 0.0 5 100 0.1 5 0.99818 11.96909 0.89220 10.37924 0.81733 5.91255 0.92228 4.53631 0.85772 2.00765 0.92349 1.92870 
100 0.0 5 100 0.1 5 0.99916 11.95818 0.99244 11.88028 0.97281 10.69291 0.86846 6.06542 0.77080 3.08521 0.84875 2.69755 
100 0.0 5 100 0.1 5 0.99916 11.87987 0.91321 11.15324 0.94025 10.16928 0.84602 5.74092 0.82454 3.51584 0.82346 2.31533 
100 0.0 5 100 0.1 5 0.99916 11.95888 0.98689 11.94152 0.89255 10.67324 0.85635 4.49739 0.81746 2.27287 0.81585 2.33110 
100 0.0 5 100 10.0 5 0.99916 11.94254 0.95552 9.40450 0.95731 8.81907 0.86852 4.17522 0.86943 3.46550 0.86009 2.23691 
100 0.0 5 100 10.0 5 0.99690 11.85820 0.94121 10.75147 0.74889 6.49288 0.83401 4.52429 0.82589 3.29543 0.86106 2.43430 
100 0.0 5 100 10.0 5 0.99916 11.99884 0.99867 11.97268 0.93868 11.15917 0.73373 3.41534 0.84066 2.85860 0.93038 2.41965 
100 0.0 5 100 10.0 5 0.99458 11.98138 0.95629 11.77765 0.49192 2.79294 0.86130 3.89627 0.79672 3.09987 0.89377 2.47892 
100 0.0 5 100 10.0 5 0.99916 11.73225 0.99867 11.48142 0.93358 9.15404 0.82465 5.18604 0.73557 1.35694 0.86057 2.28196 
100 0.0 5 100 10.0 5 0.99916 11.99902 0.91647 11.33601 0.79024 9.21504 0.73818 7.55701 0.65503 4.15155 0.76970 2.85706 
100 0.0 5 100 10.0 5 0.99916 11.99347 0.99916 11.74075 0.97668 9.51631 0.96548 5.63788 0.87833 1.80342 0.87705 2.21306 
100 0.0 5 100 10.0 5 0.99916 11.99347 0.96890 11.64742 0.95874 9.30635 0.93723 5.04489 0.87597 2.39857 0.87924 2.31609 
100 0.0 5 100 10.0 5 0.99867 11.99689 0.99788 11.76138 0.96812 8.53567 0.84669 2.59823 0.82453 1.73099 0.83949 2.31295 
100 0.0 5 100 10.0 5 0.99916 11.99805 0.65062 8.94813 0.82686 7.76332 0.75110 5.57379 0.65583 4.47239 0.77068 2.90715 
100 0.0 5 100 1e-06 5 0.99916 11.99591 0.99476 11.84637 0.96635 10.78485 0.94535 5.79331 0.87667 1.77799 0.88242 2.19837 
100 0.0 5 100 1e-06 5 0.99323 11.97546 0.91485 11.75169 0.70881 9.98313 0.72959 5.71985 0.63545 3.29019 0.74260 3.07976 
100 0.0 5 100 1e-06 5 0.99916 11.99737 0.94521 11.18493 0.92468 10.19142 0.94430 7.00028 0.82238 1.93033 0.84182 2.18873 
100 0.0 5 100 1e-06 5 0.99818 11.98080 0.99916 11.94568 0.96257 8.14458 0.90017 3.73609 0.84523 1.68542 0.84615 2.07206 
100 0.0 5 100 1e-06 5 0.99916 11.99493 0.81350 10.95674 0.83252 10.79593 0.85644 3.38562 0.86477 2.46356 0.93126 2.22328 
100 0.0 5 100 1e-06 5 0.99916 11.99756 0.97317 10.44037 0.92846 7.61138 0.81627 4.70187 0.75375 1.94005 0.75282 1.87868 
100 0.0 5 100 1e-06 5 0.99916 11.98236 0.99916 11.50111 0.77301 7.84011 0.86720 4.71357 0.83836 2.10524 0.91793 2.08063 
100 0.0 5 100 1e-06 5 0.99916 11.98810 0.99916 11.94628 0.98484 9.64183 0.81906 6.32927 0.80196 4.27414 0.81805 2.18079 
100 0.0 5 100 1e-06 5 0.99916 11.99805 0.95355 11.82381 0.87061 6.94320 0.79662 5.30742 0.74486 1.65064 0.85504 2.39454 
100 0.0 5 100 1e-06 5 0.99751 11.94224 0.84639 11.61976 0.71831 3.07266 0.67009 2.03491 0.78930 3.06661 0.85044 2.48908 
100 0.0 5 100 1e-07 5 0.99916 11.99561 0.99388 11.19215 0.88828 6.67883 0.82225 2.98262 0.78083 1.54417 0.79350 2.10949 
100 0.0 5 100 1e-07 5 0.99867 11.98975 0.99049 11.83473 0.84091 10.52709 0.58832 3.40131 0.84620 2.95351 0.85755 2.47169 
100 0.0 5 100 1e-07 5 0.97182 11.76125 0.49627 7.18938 0.83771 7.63065 0.74042 5.80984 0.78815 2.65777 0.79947 2.66450 
100 0.0 5 100 1e-07 5 0.99916 11.99130 0.87106 10.38150 0.79064 3.61248 0.93863 2.83742 0.73769 5.86047 0.94008 1.94633 
100 0.0 5 100 1e-07 5 0.99867 11.88945 0.99146 11.89762 0.96103 9.43603 0.82576 2.33881 0.90575 2.99709 0.92524 2.45860 
100 0.0 5 100 1e-07 5 0.99916 11.95210 0.92473 10.43089 0.99128 10.73448 0.92963 5.86497 0.86252 2.23305 0.85369 1.96028 
100 0.0 5 100 1e-07 5 0.99916 11.98520 0.93253 10.89313 0.97515 8.73068 0.94632 6.30781 0.89139 1.75801 0.87702 2.03296 
100 0.0 5 100 1e-07 5 0.99916 11.99658 0.81951 10.68275 0.92831 7.76692 0.65740 3.91403 0.75624 3.29618 0.81174 2.66683 
100 0.0 5 100 1e-07 5 0.99751 11.87991 0.98884 11.57309 0.89558 9.03356 0.87474 7.12023 0.83684 3.13679 0.82580 2.53281 
100 0.0 5 100 0.1 5 0.99916 11.99444 0.81239 10.60142 0.90235 8.32548 0.91128 7.62065 0.88738 3.40077 0.85209 2.42756 
100 0.0 5 100 0.1 5 0.99916 11.99396 0.99672 11.94573 0.97764 10.92707 0.93693 6.15657 0.90755 2.69201 0.91474 2.01008 
100 0.0 5 100 0.1 5 0.99916 11.99902 0.90183 11.41999 0.77283 6.25263 0.84267 6.61271 0.75084 1.74311 0.78228 2.57017 
100 0.0 5 100 0.1 5 0.99769 11.94037 0.99507 11.31896 0.76479 7.52307 0.87172 6.78790 0.75653 3.02059 0.81067 2.61351 
100 0.0 5 100 0.1 5 0.99916 11.93521 0.99867 11.34349 0.88486 8.06521 0.84407 5.65730 0.80890 3.16939 0.80442 2.76843 
100 0.0 5 100 0.1 5 0.99916 11.99737 0.65359 8.98757 0.81872 10.43328 0.63388 3.03423 0.76326 2.82977 0.77348 2.57331 
100 0.0 5 100 0.1 5 0.99446 11.82912 0.96515 11.56834 0.90840 6.45729 0.83095 4.13547 0.73459 2.43621 0.83800 2.40814 
100 0.0 5 100 0.1 5 0.99916 11.99444 0.99916 11.98224 0.98540 11.00897 0.94096 6.86704 0.82247 2.21131 0.81200 1.95128 
100 0.0 5 100 0.1 5 0.99818 11.92200 0.99818 11.91423 0.96512 9.36157 0.86701 5.24275 0.78036 1.70318 0.79399 2.09780 
100 0.0 5 100 0.1 5 0.99916 11.98791 0.95065 10.46644 0.90017 6.66625 0.88498 5.31401 0.88076 2.52674 0.86628 1.63614 
100 0.0 5 100 10.0 5 0.99916 11.99347 0.96686 11.86325 0.70739 5.70588 0.83590 5.38144 0.78805 2.41192 0.80550 2.62086 
100 0.0 5 100 10.0 5 0.99702 11.94784 0.98853 11.92541 0.41912 2.80473 0.74617 3.18789 0.84242 1.92524 0.84981 2.46996 
100 0.0 5 100 10.0 5 0.99916 11.99054 0.97973 11.17032 0.85788 6.05926 0.83340 3.30098 0.76220 2.49934 0.89211 2.68153 
100 0.0 5 100 10.0 5 0.99867 11.93505 0.99263 11.94579 0.85328 6.75974 0.58878 2.93490 0.63931 1.61217 0.85531 2.46352 
100 0.0 5 100 10.0 5 0.99916 11.98975 0.96217 11.75140 0.84697 10.37660 0.54307 2.90374 0.61931 2.49171 0.86199 2.78091 
100 0.0 5 100 10.0 5 0.99867 11.92069 0.99916 11.61871 0.88482 7.08405 0.86700 5.02391 0.84839 2.43493 0.82229 2.19270 
100 0.0 5 100 10.0 5 0.99730 11.93648 0.99623 11.77263 0.99214 10.48335 0.94366 4.78195 0.92738 2.30934 0.91586 1.71912 
100 0.0 5 100 10.0 5 0.98808 11.90309 0.95616 11.20183 0.88045 7.30130 0.87162 3.19621 0.89986 2.47151 0.94554 1.99275 
100 0.0 5 100 10.0 5 0.99916 11.93090 0.96303 11.57440 0.86746 5.89994 0.83886 3.83464 0.90957 2.46514 0.91519 2.12224 
100 0.0 5 100 10.0 5 0.99916 11.99951 0.95695 11.82393 0.70010 7.29721 0.78761 4.07515 0.79499 1.49496 0.88764 2.11271 
100 0.0 5 100 100.0 5 0.98896 11.86653 0.81771 7.12258 0.85220 6.73414 0.88522 2.34422 0.86803 2.26680 0.91364 2.33667 
100 0.0 5 100 100.0 5 0.99916 11.99902 0.98921 11.61002 0.95664 6.02117 0.93754 2.96937 0.91810 1.72527 0.93627 1.85115 
100 0.0 5 100 100.0 5 0.98646 11.95449 0.38745 8.40781 0.16441 2.41661 0.39404 7.89502 0.11862 3.34200 0.23646 1.79196 
100 0.0 5 100 100.0 5 0.99867 11.99133 0.99604 11.98156 0.88386 3.17089 0.51639 1.53965 0.78696 1.28583 0.88557 1.92811 
100 0.0 5 100 100.0 5 0.99867 11.99561 0.99867 11.78859 0.89865 10.50876 0.91266 6.12110 0.82356 2.37510 0.83444 2.47045 
100 0.0 5 100 100.0 5 0.99916 11.98913 0.97762 11.10524 0.86359 7.07578 0.83765 3.62806 0.79962 2.07616 0.78691 2.06677 
100 0.0 5 100 100.0 5 0.99916 11.99182 0.99916 11.64412 0.84036 4.96547 0.83720 3.87884 0.84391 3.77045 0.84392 2.59015 
100 0.0 5 100 100.0 5 0.99916 11.99591 0.86963 11.46304 0.79315 9.06087 0.63848 4.11784 0.65920 2.75011 0.80920 2.73349 
100 0.0 5 100 100.0 5 0.99916 11.96131 0.96563 11.85820 0.91333 10.43039 0.65804 7.63912 0.66720 3.40801 0.77913 2.69705 
100 0.0 5 100 100.0 5 0.99916 11.99737 0.96551 11.87384 0.79406 7.84925 0.51891 2.03266 0.50831 2.09746 0.77668 2.55148 
100 0.0 5 100 100.0 5 0.99916 11.99902 0.81227 11.46739 0.71838 7.05925 0.81609 5.20383 0.76948 4.48615 0.79626 2.69358 
100 0.0 5 100 100.0 5 0.99916 11.95986 0.99030 11.72000 0.86934 8.66809 0.73232 4.07863 0.78972 3.01238 0.91991 2.55378 
100 0.0 5 100 100.0 5 0.94685 11.80928 0.53335 9.93711 0.12979 4.21005 0.08028 1.50427 0.00796 0.14624 -0.00000 -0.00000 
100 0.0 5 100 100.0 5 0.99916 11.99951 0.60341 10.08825 0.59929 9.05545 0.75737 4.40905 0.65141 4.00601 0.74614 3.01379 
100 0.0 5 100 100.0 5 0.99867 11.96160 0.96238 11.90590 0.78251 6.35252 0.59898 3.29313 0.67673 1.56661 0.83247 2.46972 
100 0.0 5 100 100.0 5 0.99916 11.99054 0.99030 11.94844 0.74515 10.00184 0.73325 8.40909 0.44086 3.75940 0.85777 2.80287 
100 0.0 5 100 100.0 5 0.99916 12.00000 0.98219 11.92907 0.69277 5.50022 0.67475 2.88121 0.73757 1.38127 0.90763 2.08280 
100 0.0 5 100 100.0 5 0.99818 11.98468 0.70696 7.42952 0.93249 7.18838 0.91972 4.18696 0.86688 2.44835 0.92770 2.48905 
100 0.0 5 100 100.0 5 0.99351 11.94930 0.72005 6.45561 0.74511 2.92064 0.70392 3.48510 0.64548 1.14638 0.76338 2.32799 
100 0.0 5 100 100.0 5 0.99916 11.99707 0.99232 11.94158 0.78143 6.47908 0.80531 4.46363 0.80795 2.73133 0.82760 2.15544 
100 0.0 5 100 1000.0 5 0.99916 11.97836 0.59191 10.35877 0.56987 4.00949 0.68790 3.66518 0.72006 3.53937 0.84881 2.69469 
100 0.0 5 100 1000.0 5 0.99916 11.99951 0.78700 6.02933 0.77299 4.32561 0.81953 2.76563 0.82620 2.87169 0.84031 2.42463 
100 0.0 5 100 1000.0 5 0.99476 11.95960 0.95600 11.67346 0.75579 6.14219 0.82055 4.77651 0.71915 2.60751 0.86621 2.63365 
100 0.0 5 100 1000.0 5 0.99063 11.48938 0.52457 7.84316 0.67630 7.63065 0.74209 2.88428 0.72771 2.06747 0.74632 2.67112 
100 0.0 5 100 1000.0 5 0.99916 11.99103 0.97084 10.21574 0.91717 5.67556 0.92253 4.13428 0.89271 1.25217 0.90403 1.74452 
100 0.0 5 100 1000.0 5 0.96414 11.88643 0.49892 8.96127 0.01619 2.74629 0.00315 0.12306 0.00058 0.02257 0.00113 0.03491 
100 0.0 5 100 1000.0 5 0.99209 11.96032 0.84801 9.47795 0.80441 3.48768 0.83297 3.44385 0.78980 1.76157 0.80742 2.40939 
100 0.0 5 100 1000.0 5 0.99867 11.99902 0.93975 11.60401 0.78372 4.77705 0.84835 1.54133 0.81878 1.38146 0.90871 2.17080 
100 0.0 5 100 1000.0 5 0.96172 11.75916 0.78237 8.90305 0.75986 6.85136 0.72495 2.94573 0.75131 1.89069 0.75998 1.81619 
100 0.0 5 100 1000.0 5 0.99800 11.96019 0.79989 10.66502 0.71775 5.46999 0.69145 3.96759 0.60037 4.13527 0.74101 3.14630 
100 0.0 5 100 1000.0 5 0.99916 11.99951 0.90144 11.58355 0.74280 8.07807 0.89858 8.43752 0.70631 2.38077 0.77059 2.77828 
100 0.0 5 100 1000.0 5 0.99672 11.99182 0.29955 8.34594 0.07067 3.54690 0.02918 2.96841 0.00000 0.01117 -0.00000 -0.00000 
100 0.0 5 100 1000.0 5 0.99800 11.99347 0.83242 11.08503 0.53838 6.03614 0.76282 4.71369 0.84693 3.48844 0.85064 2.57907 
100 0.0 5 100 1000.0 5 0.99867 11.99658 0.95432 11.87065 0.58247 4.59280 0.86807 4.24225 0.85951 1.54325 0.87891 2.26374 
100 0.0 5 100 1000.0 5 0.99916 11.99805 0.89067 11.63898 0.81635 7.09554 0.85033 5.30810 0.93903 2.32166 0.92678 1.95470 
100 0.0 5 100 1000.0 5 0.99586 11.98254 0.97614 11.70550 0.85658 4.58502 0.87694 2.17187 0.88673 1.43532 0.93944 1.68359 
100 0.0 5 100 1000.0 5 0.99916 11.99884 0.92534 11.71536 0.49199 9.32680 0.83526 3.99024 0.87616 2.43990 0.86709 2.70198 
100 0.0 5 100 1000.0 5 0.99867 11.99561 0.17140 5.70355 0.05296 2.78583 0.03502 0.60095 0.00303 0.03091 0.00116 0.01357 
100 0.0 5 100 1000.0 5 0.99818 11.99219 0.88500 11.52246 0.74063 10.72060 0.69119 4.34864 0.52959 2.94142 0.73125 3.01489 
100 0.0 5 100 1000.0 5 0.99916 11.99786 0.76476 7.99680 0.62187 3.49732 0.73811 4.93438 0.62173 3.49057 0.74333 2.71723 
100 0.0 5 100 1e-08 5 0.99916 11.93814 0.99360 11.74942 0.98790 11.21187 0.92582 5.88606 0.92086 2.77789 0.90195 2.21863 
100 0.0 5 100 1e-08 5 0.99582 11.81896 0.93321 10.77827 0.82370 7.96955 0.88063 7.64814 0.83962 3.09631 0.81273 2.35487 
100 0.0 5 100 1e-08 5 0.99427 11.97845 0.99116 11.50227 0.86682 8.64769 0.83690 4.54358 0.84508 3.58064 0.93163 2.32505 
100 0.0 5 100 1e-08 5 0.99916 11.95542 0.88137 11.09761 0.70927 9.11930 0.85514 3.55696 0.85012 2.27717 0.84160 2.26974 
100 0.0 5 100 1e-08 5 0.99867 11.93666 0.98896 11.78783 0.98405 9.57614 0.94619 4.94649 0.90110 2.21756 0.93476 1.91158 
100 0.0 5 100 1e-08 5 0.99916 11.99707 0.96729 8.59973 0.93799 6.44094 0.88586 2.80656 0.89532 2.69108 0.89914 2.16765 
100 0.0 5 100 1e-08 5 0.99916 11.99561 0.92654 9.78928 0.94951 9.05519 0.86788 4.36130 0.73257 1.52961 0.79366 2.42941 
100 0.0 5 100 1e-08 5 0.99916 11.99493 0.95109 11.20147 0.74950 4.76248 0.86478 5.84006 0.88863 2.61131 0.88803 2.08080 
100 0.0 5 100 1e-08 5 0.99916 11.98352 0.83816 9.35725 0.96124 10.26447 0.90619 6.60751 0.84135 3.67730 0.88060 2.29901 
100 0.0 5 100 1e-08 5 0.99397 11.71860 0.98472 11.85430 0.94529 8.48164 0.91911 5.22504 0.87823 2.91087 0.87366 2.28015 
100 0.0 5 100 1e-08 5 0.99916 11.99951 0.98530 11.89343 0.75781 6.57502 0.72855 2.77470 0.76318 4.19362 0.84166 2.57156 
100 0.0 5 100 1e-08 5 0.99916 11.99902 0.94257 11.27829 0.86742 8.41647 0.88328 5.86847 0.81522 1.90822 0.82263 2.41902 
100 0.0 5 100 1e-08 5 0.99916 11.98614 0.99330 11.76426 0.95434 9.59868 0.86067 5.00424 0.88287 2.89733 0.87725 2.40767 
100 0.0 5 100 1e-08 5 0.99720 11.99200 0.97510 11.57960 0.64266 7.53155 0.63080 5.10737 0.73541 4.43958 0.73093 2.96629 
100 0.0 5 100 1e-08 5 0.99867 11.99737 0.81279 7.61991 0.84187 5.57113 0.83415 3.39642 0.74860 1.35208 0.80419 2.12300 
100 0.0 5 100 1e-08 5 0.99354 11.94155 0.97342 11.34634 0.82008 5.68509 0.82347 1.93778 0.72372 1.44986 0.86047 2.52829 
100 0.0 5 100 1e-08 5 0.99818 11.94860 0.97295 10.28143 0.91748 8.35668 0.90886 6.31328 0.77550 2.73334 0.88060 2.14725 
100 0.0 5 100 1e-08 5 0.99916 11.98077 0.98375 11.58293 0.92995 7.13005 0.88215 2.82280 0.87077 1.70622 0.86700 1.42736 
100 0.0 5 100 1e-08 5 0.99916 11.99737 0.93575 10.91640 0.97878 7.47812 0.94820 4.76901 0.86601 2.75563 0.94892 1.85247 
100 0.0 5 100 1e-08 5 0.99916 11.99444 0.99916 11.90998 0.99204 9.96106 0.94077 4.73162 0.84974 1.77466 0.85586 1.85961 
100 0.0 5 100 1e-08 5 0.99867 11.99170 0.88441 11.34057 0.94132 10.35875 0.82488 8.02690 0.82518 4.71237 0.81859 2.54870 
100 0.0 5 100 1e-08 5 0.99604 11.96142 0.95153 10.96005 0.84421 5.69365 0.67156 1.84362 0.65313 2.07684 0.82438 2.34082 
100 0.0 5 100 1e-08 5 0.99867 11.97094 0.90064 10.49123 0.95498 9.58203 0.63641 5.04406 0.69445 5.29733 0.88598 2.67457 
100 0.0 5 100 1e-08 5 0.99916 11.98822 0.99636 11.49083 0.96913 8.64304 0.88141 4.47200 0.83186 2.53599 0.90298 2.19798 
100 0.0 5 100 1e-08 5 0.99916 11.99347 0.99916 11.97418 0.91527 7.44189 0.90560 4.56817 0.81616 2.36534 0.82598 2.51141 
